3.384743,2.416222
3.654818,10.822680
3.640770,5.995905
8.843104,2.900000
7.209264,8.149777
12.110801,9.637533
-1 0 3.000000,0.000000 0.000000,0.500000
0 3 -1.000000,0.000000 0.500000,0.900000
3 4 -0.500000,-0.900000 0.000000,-0.800000
4 5 0.500000,0.000000 -2.000000,0.000000
-1 1 3.000000,0.000000 0.000000,2.000000
1 2 0.000000,-2.000000 0.500000,1.000000
2 4 0.500000,-1.000000 -0.500000,0.000000
4 5 0.000000,0.800000 -2.000000,-1.200000
-1 0 3.000000,0.000000 1.000000,0.000000
0 2 0.000000,-0.500000 -0.500000,1.000000
2 3 -0.500000,-1.000000 -0.500000,0.900000
3 5 0.500000,-0.900000 -2.000000,1.200000
