//车间尺寸
20,20
//仓库入口
3,0
//设备相关参数(ID，操作效率(xx秒一个)，设备长度，设备宽度，设备周围的壳（距离约束），上下左右四个方向的出入口
1 20 2,1 0.5 1,0,0.5|1,1,0|2,0,-0.5|2,-1,0
2 30 2,4 1 1,0,2|2,0,-2
3 10 2.5,2 0.75 1,-0.5,1|1,0.5,1|2,-0.5,-1|2,0.5,-1
4 16 3,1.8 1 1,-0.5,0.9|1,0.5,0.9|2,-0.5,-0.9|2,0.5,-0.9
5 8 1,1.6 0.5 2,0,0.8|1,-0.5,0|2,0.5,0|1,0,-0.8
6 60 4,6 1.5 1,-2,1.2|1,-2,0|1,-2,-1.2
//物料参数
4 1-4-5-6 100
4 2-3-5-6 400
4 1-3-4-6 200
//单位距离的物流成本数组
0,8,6,3,5,2
8,0,4,3,2,2
6,4,0,4,3,2
3,3,4,0,7,2
5,2,3,7,0,4
2,2,2,2,4,0
//物流量数组
0,1,2,2,3,0
1,0,2,3,1,3
2,2,0,2,1,1
2,3,2,0,0,2
3,1,1,0,0,1
0,3,1,2,1,0
//设备最小距离数组
0,1.2,1.5,1.5,1,1.4
1.2,0,1.5,1.7,2,1
1.5,1.5,0,1.2,1.4,2
1.5,1.7,1.2,0,1.3,1.4
1,2,1.4,1.3,0,1.5,1.7
1.4,1,2,1.4,1.5,0,1.3
//设备邻接度（邻接度越高，设备应该越接近）
-,U,A,O,I,U
U,-,I,U,U,O
A,I,-,O,U,U
O,U,O,-,U,U
I,U,E,U,-,O
U,O,U,U,O,-